1	0	3078282	1	0.13814258087372686	ng_v1
1	0	2635122	2	0.05840343989842558	ng_v1
1	0	2737775	3	0.05637059505621574	ng_v1
1	0	3632172	4	0.05164822457736824	ng_v1
1	0	3537269	5	0.049836177842418	ng_v1
1	0	3199072	6	0.040071186443437413	ng_v1
1	0	3259311	7	0.03986463697043693	ng_v1
1	0	1852545	8	0.030593371323536588	ng_v1
1	0	2443793	9	0.029806511373464985	ng_v1
1	0	2254639	10	0.024376549032457877	ng_v1
1	0	2518380	11	0.02304072131565454	ng_v1
1	0	130966	12	0.022363576908871988	ng_v1
1	0	2887806	13	0.018680236267990154	ng_v1
1	0	2559826	14	0.01652449579283131	ng_v1
1	0	2567299	15	0.01584018862148878	ng_v1
1	0	2244628	16	0.015430651497192095	ng_v1
1	0	3420498	17	0.013973605708502935	ng_v1
1	0	2729419	18	0.011685210329796183	ng_v1
1	0	2232040	19	0.011627217592198246	ng_v1
1	0	2572586	20	0.008944568131405014	ng_v1
1	0	3461630	21	0.008584942355028848	ng_v1
1	0	2267791	22	0.00849155929184571	ng_v1
1	0	3150839	23	0.008116788612552436	ng_v1
1	0	3444845	24	0.007916126548072507	ng_v1
1	0	2609891	25	0.006443192054081573	ng_v1
1	0	1858696	26	0.005898139372511485	ng_v1
1	0	2627179	27	0.00561131665140899	ng_v1
1	0	2994656	28	0.004750498494631499	ng_v1
1	0	2254469	29	0.00463168819551414	ng_v1
1	0	3782364	30	0.004294962810237255	ng_v1
1	0	2627525	31	0.004179256603210295	ng_v1
1	0	1994002	32	0.003671746249127614	ng_v1
1	0	3356124	33	0.0031203208480408994	ng_v1
1	0	3710774	34	0.0029319754969260635	ng_v1
1	0	2364167	35	0.0027600561450855836	ng_v1
1	0	2828440	36	0.0026617513861219035	ng_v1
1	0	3661963	37	0.002449347435972871	ng_v1
1	0	1794449	38	0.002399496142948878	ng_v1
1	0	2567289	39	0.0018491445749967772	ng_v1
1	0	1468413	40	0.0018216864914579146	ng_v1
1	0	1936313	41	0.0016563485898836159	ng_v1
1	0	1853078	42	0.0014178210073669396	ng_v1
1	0	3337801	43	0.0011213758650375008	ng_v1
1	0	3806164	44	0.0009867309559529532	ng_v1
1	0	3368296	45	0.0009289859700188916	ng_v1
1	0	1891278	46	0.0007655119388367665	ng_v1
1	0	2246105	47	0.0007354041468021044	ng_v1
1	0	2567096	48	0.000508290324630789	ng_v1
1	0	1976608	49	0.0004952150249255057	ng_v1
1	0	2496697	50	0.00019825270854557461	ng_v1
1	0	1964547	51	0.00011904138276626163	ng_v1
1	0	1942180	52	8.03004120972495e-05	ng_v1
1	0	3666422	53	1.759397552018042e-05	ng_v1
2	0	2567299	1	0.034496640562089634	ng_v1
2	0	2559826	2	0.031489066992344564	ng_v1
2	0	2254639	3	0.021566181493767846	ng_v1
2	0	2246105	4	0.021110557885639893	ng_v1
2	0	2254469	5	0.019413988748471982	ng_v1
2	0	3661963	6	0.018789638658244023	ng_v1
2	0	3078282	7	0.01876253661231637	ng_v1
2	0	2737775	8	0.014262835637403782	ng_v1
2	0	3150839	9	0.011688564888066378	ng_v1
2	0	130966	10	0.011014521329005272	ng_v1
2	0	2443793	11	0.01077842195657775	ng_v1
2	0	2518380	12	0.009218596690264915	ng_v1
2	0	2887806	13	0.009011811931696612	ng_v1
2	0	2567289	14	0.008256197395037745	ng_v1
2	0	1852545	15	0.007825487908613798	ng_v1
2	0	2627179	16	0.007750461838197454	ng_v1
2	0	2635122	17	0.007628999880477026	ng_v1
2	0	3199072	18	0.007000172355520422	ng_v1
2	0	1936313	19	0.006496633257178568	ng_v1
2	0	2496697	20	0.00608354765886112	ng_v1
2	0	3806164	21	0.005976229461813901	ng_v1
2	0	1468413	22	0.005794388132963605	ng_v1
2	0	2232040	23	0.005563288602352814	ng_v1
2	0	2994656	24	0.004552002301558378	ng_v1
2	0	3259311	25	0.004263856822775905	ng_v1
2	0	3710774	26	0.0041374679537684155	ng_v1
2	0	3420498	27	0.004110624703259626	ng_v1
2	0	2567096	28	0.0039828515385683045	ng_v1
2	0	2627525	29	0.003940289289055845	ng_v1
2	0	3356124	30	0.0039328351095782475	ng_v1
2	0	2244628	31	0.003880321023993202	ng_v1
2	0	3782364	32	0.003302669882162022	ng_v1
2	0	1794449	33	0.002881601776855848	ng_v1
2	0	2828440	34	0.0022633275327277372	ng_v1
2	0	2729419	35	0.0022587050860225855	ng_v1
2	0	3368296	36	0.0021789212526509625	ng_v1
2	0	1891278	37	0.0020600861686065454	ng_v1
2	0	3537269	38	0.0014814098146190135	ng_v1
2	0	3632172	39	0.0014735089130189928	ng_v1
2	0	1976608	40	0.0010418453502201838	ng_v1
2	0	2572586	41	0.0010210149910391023	ng_v1
2	0	2267791	42	0.0009554906753102394	ng_v1
2	0	3461630	43	0.0008871524713994013	ng_v1
2	0	2609891	44	0.0005528930469893642	ng_v1
2	0	3444845	45	0.000515703029881835	ng_v1
2	0	1994002	46	0.0003648071577207888	ng_v1
2	0	2364167	47	0.00013133552383637516	ng_v1
2	0	3666422	48	0.0001214352209423434	ng_v1
2	0	3337801	49	0.0001006106180616338	ng_v1
2	0	1853078	50	9.550957352186648e-05	ng_v1
2	0	1858696	51	6.39456670978554e-05	ng_v1
2	0	1964547	52	5.4010756667052325e-05	ng_v1
2	0	1942180	53	5.0023735179330566e-05	ng_v1
2	0	1866702	54	4.92359277094318e-05	ng_v1
3	0	2567299	1	0.09384638469450776	ng_v1
3	0	2518380	2	0.08407259815287293	ng_v1
3	0	2635122	3	0.05829876871884615	ng_v1
3	0	2627525	4	0.04315007876093732	ng_v1
3	0	3150839	5	0.04193893066552373	ng_v1
3	0	2254639	6	0.0409793112687265	ng_v1
3	0	2887806	7	0.040359146566035585	ng_v1
3	0	3259311	8	0.033020999161413656	ng_v1
3	0	2244628	9	0.029863824216364864	ng_v1
3	0	3356124	10	0.023136023362886254	ng_v1
3	0	3710774	11	0.018122695130760716	ng_v1
3	0	3806164	12	0.015561151367139685	ng_v1
3	0	2627179	13	0.015168001801748772	ng_v1
3	0	3078282	14	0.014659756608295329	ng_v1
3	0	3444845	15	0.013363018013654046	ng_v1
3	0	3199072	16	0.012609572486078247	ng_v1
3	0	2559826	17	0.012022125728975406	ng_v1
3	0	2737775	18	0.011102861945431863	ng_v1
3	0	2828440	19	0.008590619640943993	ng_v1
3	0	1852545	20	0.008349875896917732	ng_v1
3	0	2496697	21	0.007561605532189259	ng_v1
3	0	1794449	22	0.00746874716603686	ng_v1
3	0	130966	23	0.007313812388963234	ng_v1
3	0	2267791	24	0.006702568401247609	ng_v1
3	0	1936313	25	0.0066980307810192135	ng_v1
3	0	2572586	26	0.006589061386725379	ng_v1
3	0	2729419	27	0.005041581086694687	ng_v1
3	0	2609891	28	0.004598704914361454	ng_v1
3	0	2232040	29	0.004297916860267771	ng_v1
3	0	3782364	30	0.004225973711984277	ng_v1
3	0	3661963	31	0.004197904685019752	ng_v1
3	0	3461630	32	0.004160703799614231	ng_v1
3	0	3368296	33	0.003770961381586042	ng_v1
3	0	2567289	34	0.0035128486809479914	ng_v1
3	0	1942180	35	0.0029995790476770676	ng_v1
3	0	3537269	36	0.002677365025742617	ng_v1
3	0	2994656	37	0.002631112821315699	ng_v1
3	0	2254469	38	0.0024002920155657415	ng_v1
3	0	2567096	39	0.0022059662401927747	ng_v1
3	0	3632172	40	0.0021924526097492083	ng_v1
3	0	1994002	41	0.0017059421930299156	ng_v1
3	0	3420498	42	0.0010627350904615384	ng_v1
3	0	1976608	43	0.000977267468531596	ng_v1
3	0	2443793	44	0.0007686562703471579	ng_v1
3	0	1891278	45	0.0007254372442654081	ng_v1
3	0	1858696	46	0.000689587767190226	ng_v1
3	0	1964547	47	0.0006511079354189389	ng_v1
3	0	2246105	48	0.0005744255390780438	ng_v1
3	0	1853078	49	0.00047929507100856315	ng_v1
3	0	2364167	50	0.0001606426243971768	ng_v1
3	0	3337801	51	3.1598152604476356e-05	ng_v1
3	0	1866702	52	1.7512445302595295e-05	ng_v1
3	0	3666422	53	1.3623209297666781e-05	ng_v1
3	0	1468413	54	1.0947749504288937e-05	ng_v1
4	0	3078282	1	0.08532120062977039	ng_v1
4	0	2729419	2	0.08082597154533927	ng_v1
4	0	3259311	3	0.0776124556303155	ng_v1
4	0	2567299	4	0.06868994476790766	ng_v1
4	0	2267791	5	0.06633037335250272	ng_v1
4	0	3199072	6	0.05740101788020112	ng_v1
4	0	1852545	7	0.05102391425625818	ng_v1
4	0	2559826	8	0.04369231898492283	ng_v1
4	0	3537269	9	0.03674896906329475	ng_v1
4	0	3632172	10	0.02717430619964717	ng_v1
4	0	3782364	11	0.024054895661373928	ng_v1
4	0	1891278	12	0.022848694019995584	ng_v1
4	0	2737775	13	0.02219706376124728	ng_v1
4	0	3356124	14	0.02133255301276666	ng_v1
4	0	1964547	15	0.020600854401897885	ng_v1
4	0	2887806	16	0.01887544604514462	ng_v1
4	0	3420498	17	0.017958099830189533	ng_v1
4	0	2994656	18	0.01779703718594405	ng_v1
4	0	2246105	19	0.017562449235498937	ng_v1
4	0	2254639	20	0.014965142413256432	ng_v1
4	0	1794449	21	0.013361598696094615	ng_v1
4	0	2635122	22	0.012294478482006332	ng_v1
4	0	3150839	23	0.011880955356379902	ng_v1
4	0	1976608	24	0.011222679703842527	ng_v1
4	0	130966	25	0.011043794305680013	ng_v1
4	0	2232040	26	0.009888328805334794	ng_v1
4	0	3444845	27	0.009250236456659178	ng_v1
4	0	2244628	28	0.00739270982167552	ng_v1
4	0	2627525	29	0.007342865182786709	ng_v1
4	0	3461630	30	0.007040181698380194	ng_v1
4	0	2572586	31	0.006921893288205071	ng_v1
4	0	3806164	32	0.006822805064835928	ng_v1
4	0	2518380	33	0.005879612038485424	ng_v1
4	0	2364167	34	0.00540494060377693	ng_v1
4	0	1936313	35	0.005381613598776285	ng_v1
4	0	3710774	36	0.005039810497299069	ng_v1
4	0	2567289	37	0.004512984597806764	ng_v1
4	0	2567096	38	0.004096449764958815	ng_v1
4	0	1994002	39	0.004090739374872521	ng_v1
4	0	1858696	40	0.0038521932396673522	ng_v1
4	0	3368296	41	0.0033281247639783966	ng_v1
4	0	2627179	42	0.0032749904327575535	ng_v1
4	0	1853078	43	0.0031153559493625675	ng_v1
4	0	2828440	44	0.002682634203921121	ng_v1
4	0	1468413	45	0.0024911199219062085	ng_v1
4	0	2254469	46	0.00178388336794961	ng_v1
4	0	2443793	47	0.0015965312465198757	ng_v1
4	0	3337801	48	0.0011908153486499338	ng_v1
4	0	3661963	49	0.000770533628869352	ng_v1
4	0	2609891	50	0.0007669120893410133	ng_v1
4	0	1866702	51	0.0004369940466429789	ng_v1
4	0	3666422	52	0.0002638789441676467	ng_v1
4	0	2496697	53	0.0001176697408702517	ng_v1
4	0	1942180	54	7.509309311810155e-05	ng_v1
5	0	2244628	1	0.176916327290542	ng_v1
5	0	2567096	2	0.06446548606165016	ng_v1
5	0	2627179	3	0.055240371513378204	ng_v1
5	0	2254639	4	0.04145633564233312	ng_v1
5	0	3356124	5	0.020410994971960132	ng_v1
5	0	2887806	6	0.016739846730310814	ng_v1
5	0	2994656	7	0.016624459998775848	ng_v1
5	0	3199072	8	0.01605151458863428	ng_v1
5	0	2559826	9	0.015567236717674035	ng_v1
5	0	3444845	10	0.014924012692371029	ng_v1
5	0	3420498	11	0.014262061218766768	ng_v1
5	0	3537269	12	0.01347138882084347	ng_v1
5	0	3632172	13	0.013392429326640202	ng_v1
5	0	2737775	14	0.012694392832719037	ng_v1
5	0	1852545	15	0.012400833224117221	ng_v1
5	0	3259311	16	0.011586650408389835	ng_v1
5	0	2627525	17	0.009449018959128287	ng_v1
5	0	1794449	18	0.008104612659829683	ng_v1
5	0	3078282	19	0.008040629640873383	ng_v1
5	0	2232040	20	0.007893855530596296	ng_v1
5	0	2729419	21	0.007348494838955559	ng_v1
5	0	3150839	22	0.0066853420045831545	ng_v1
5	0	2246105	23	0.006409728437687146	ng_v1
5	0	1936313	24	0.006052585363641211	ng_v1
5	0	3368296	25	0.005902862089077962	ng_v1
5	0	2567289	26	0.0054987878448946766	ng_v1
5	0	1468413	27	0.005323209703481363	ng_v1
5	0	3782364	28	0.005293330090403677	ng_v1
5	0	2635122	29	0.0052670340959563924	ng_v1
5	0	2254469	30	0.005228587849206129	ng_v1
5	0	2443793	31	0.0050825787946541965	ng_v1
5	0	1858696	32	0.004982753545068288	ng_v1
5	0	3710774	33	0.0049201788151179565	ng_v1
5	0	3806164	34	0.004904898679597516	ng_v1
5	0	2267791	35	0.004577648269719572	ng_v1
5	0	3337801	36	0.00455302629713414	ng_v1
5	0	130966	37	0.004090052556553662	ng_v1
5	0	2609891	38	0.0031183786118690183	ng_v1
5	0	2572586	39	0.0030921751373572674	ng_v1
5	0	1853078	40	0.002861906941774856	ng_v1
5	0	3666422	41	0.002645552221410138	ng_v1
5	0	1964547	42	0.0022355967030684137	ng_v1
5	0	3461630	43	0.0018880537325836064	ng_v1
5	0	1994002	44	0.0018377982588853197	ng_v1
5	0	2567299	45	0.0017553201547414357	ng_v1
5	0	2828440	46	0.0017204229993899795	ng_v1
5	0	1976608	47	0.001702868960120451	ng_v1
5	0	2518380	48	0.0016489266227699638	ng_v1
5	0	3661963	49	0.001081074092885354	ng_v1
5	0	1891278	50	0.0008575750662470037	ng_v1
5	0	2364167	51	0.0006012191166841366	ng_v1
5	0	1866702	52	0.0004886137463508463	ng_v1
5	0	2496697	53	0.00037396647806168376	ng_v1
5	0	1942180	54	0.00024389829989461716	ng_v1
6	0	3537269	1	0.16994155450986892	ng_v1
6	0	3632172	2	0.16919601977446333	ng_v1
6	0	2244628	3	0.1339571164276045	ng_v1
6	0	1942180	4	0.10677574932157675	ng_v1
6	0	1994002	5	0.05071815027306982	ng_v1
6	0	3666422	6	0.04539322608919718	ng_v1
6	0	2567299	7	0.0259428889573416	ng_v1
6	0	2729419	8	0.025352379727349012	ng_v1
6	0	2635122	9	0.024138687919390157	ng_v1
6	0	3150839	10	0.02377150927903677	ng_v1
6	0	2254639	11	0.02249576454765042	ng_v1
6	0	1852545	12	0.022480449858858484	ng_v1
6	0	3199072	13	0.02194477716010681	ng_v1
6	0	2559826	14	0.021079052616761573	ng_v1
6	0	3078282	15	0.019279400421274136	ng_v1
6	0	3710774	16	0.0183351752662104	ng_v1
6	0	2609891	17	0.017908032234588294	ng_v1
6	0	2627179	18	0.01711838469123399	ng_v1
6	0	3806164	19	0.01541065746563414	ng_v1
6	0	2518380	20	0.014684906633129987	ng_v1
6	0	3444845	21	0.013268730143391106	ng_v1
6	0	2627525	22	0.013250560828302652	ng_v1
6	0	2443793	23	0.013221196811209677	ng_v1
6	0	1468413	24	0.012863143938252981	ng_v1
6	0	3661963	25	0.012858551640218192	ng_v1
6	0	3420498	26	0.012199770918803933	ng_v1
6	0	2267791	27	0.011386146569477701	ng_v1
6	0	3368296	28	0.011086029384761513	ng_v1
6	0	130966	29	0.01103237062581944	ng_v1
6	0	3259311	30	0.010314859827919489	ng_v1
6	0	2994656	31	0.009384111766474587	ng_v1
6	0	2572586	32	0.009098773444773051	ng_v1
6	0	2887806	33	0.008588338835492917	ng_v1
6	0	2567289	34	0.007026586208549338	ng_v1
6	0	3356124	35	0.006602579302308419	ng_v1
6	0	1936313	36	0.006226521382319316	ng_v1
6	0	2232040	37	0.006170539149500924	ng_v1
6	0	3461630	38	0.005926458191706766	ng_v1
6	0	2737775	39	0.005351384674414298	ng_v1
6	0	1853078	40	0.003441045821024931	ng_v1
6	0	1794449	41	0.0033036948418502105	ng_v1
6	0	2828440	42	0.002523666259311742	ng_v1
6	0	2567096	43	0.002084142685542079	ng_v1
6	0	1976608	44	0.0015240133462605255	ng_v1
6	0	2246105	45	0.0014812235694503647	ng_v1
6	0	3337801	46	0.0013674023979549832	ng_v1
6	0	1964547	47	0.0008125235300694294	ng_v1
6	0	1858696	48	0.0007668530473818447	ng_v1
6	0	1891278	49	0.0007332271285056617	ng_v1
6	0	3782364	50	0.000539010195565663	ng_v1
6	0	2254469	51	0.00034787374370156085	ng_v1
6	0	2364167	52	0.00013623786464160323	ng_v1
6	0	2496697	53	5.646877376012006e-05	ng_v1
7	0	1858696	1	0.11695786107871518	ng_v1
7	0	3461630	2	0.03385546646951845	ng_v1
7	0	3420498	3	0.016973271877354135	ng_v1
7	0	3632172	4	0.016375326111452666	ng_v1
7	0	3537269	5	0.015983782103742673	ng_v1
7	0	2559826	6	0.012215920265784792	ng_v1
7	0	3444845	7	0.00994960574603957	ng_v1
7	0	2254639	8	0.009914470536223628	ng_v1
7	0	2994656	9	0.008728418509058417	ng_v1
7	0	1794449	10	0.007573761108717697	ng_v1
7	0	1852545	11	0.0074180783878579105	ng_v1
7	0	1976608	12	0.006980211112367903	ng_v1
7	0	2232040	13	0.006266885133667739	ng_v1
7	0	2635122	14	0.0062090885915423895	ng_v1
7	0	2518380	15	0.004933518722529485	ng_v1
7	0	2737775	16	0.004700795537543428	ng_v1
7	0	2828440	17	0.004693194838541703	ng_v1
7	0	2567289	18	0.0032873450976878297	ng_v1
7	0	2443793	19	0.0027950245998541287	ng_v1
7	0	2887806	20	0.0024391654305294364	ng_v1
7	0	3666422	21	0.002438706003632924	ng_v1
7	0	3150839	22	0.0023029609611424605	ng_v1
7	0	1853078	23	0.0022392380790645034	ng_v1
7	0	2627525	24	0.002159912557994119	ng_v1
7	0	1936313	25	0.0017584810509987928	ng_v1
7	0	130966	26	0.0015215604379723243	ng_v1
7	0	2244628	27	0.001435408278678365	ng_v1
7	0	3782364	28	0.0011400279298327668	ng_v1
7	0	3806164	29	0.0010576973308123034	ng_v1
7	0	3368296	30	0.0010279668176452546	ng_v1
7	0	3337801	31	0.001010102203733713	ng_v1
7	0	2609891	32	0.0009806773159542492	ng_v1
7	0	2254469	33	0.0009616959737832023	ng_v1
7	0	3710774	34	0.0009598095756221771	ng_v1
7	0	2364167	35	0.0009195425008945563	ng_v1
7	0	3356124	36	0.0008671687393644094	ng_v1
7	0	3259311	37	0.0007782778494387529	ng_v1
7	0	1994002	38	0.0005838509211393793	ng_v1
7	0	2246105	39	0.00047358762267907625	ng_v1
7	0	3078282	40	0.000420090525151864	ng_v1
7	0	3199072	41	0.0004163496527607821	ng_v1
7	0	1468413	42	0.0003754599210080646	ng_v1
7	0	2729419	43	0.00034849352627613624	ng_v1
7	0	1891278	44	0.0003400490380703373	ng_v1
7	0	2267791	45	0.000330071668028432	ng_v1
7	0	3661963	46	0.00027468175817511935	ng_v1
7	0	2627179	47	0.00024774307638172465	ng_v1
7	0	1964547	48	0.00021244629560785434	ng_v1
7	0	2572586	49	0.00013679492993130287	ng_v1
7	0	1866702	50	5.2956800984439514e-05	ng_v1
7	0	2567299	51	4.948110728175622e-05	ng_v1
7	0	2567096	52	4.4659224659620585e-05	ng_v1
7	0	1942180	53	4.3726896907005765e-05	ng_v1
7	0	2496697	54	2.740775437237795e-05	ng_v1
8	0	2443793	1	0.10304652495839209	ng_v1
8	0	2244628	2	0.062351131815460835	ng_v1
8	0	2994656	3	0.05994421317064412	ng_v1
8	0	1794449	4	0.04828192054111597	ng_v1
8	0	2729419	5	0.046143878408216564	ng_v1
8	0	2828440	6	0.029621999805153006	ng_v1
8	0	2559826	7	0.02655807718771495	ng_v1
8	0	2567299	8	0.0227659764398881	ng_v1
8	0	3259311	9	0.021687134263749682	ng_v1
8	0	2518380	10	0.018267837823933954	ng_v1
8	0	3420498	11	0.018074094740336163	ng_v1
8	0	2567289	12	0.01643836753045478	ng_v1
8	0	2627179	13	0.015812527952213027	ng_v1
8	0	2635122	14	0.015224827427903579	ng_v1
8	0	3461630	15	0.013755103182524731	ng_v1
8	0	3666422	16	0.013140657961124092	ng_v1
8	0	3356124	17	0.011004895974335781	ng_v1
8	0	3199072	18	0.010480604406700875	ng_v1
8	0	3150839	19	0.009210225050273305	ng_v1
8	0	2737775	20	0.009176632436639253	ng_v1
8	0	3710774	21	0.0077870348566374285	ng_v1
8	0	3537269	22	0.0076838436066855925	ng_v1
8	0	3632172	23	0.007623703497174174	ng_v1
8	0	3368296	24	0.004714849565301902	ng_v1
8	0	1852545	25	0.004576842200391746	ng_v1
8	0	3782364	26	0.0042454364188771986	ng_v1
8	0	3078282	27	0.0037756771468273904	ng_v1
8	0	2254639	28	0.0036326125060945065	ng_v1
8	0	2364167	29	0.0030530929517689435	ng_v1
8	0	1853078	30	0.0028703975921959544	ng_v1
8	0	1468413	31	0.0026329147626596135	ng_v1
8	0	2627525	32	0.0025356245809973	ng_v1
8	0	2232040	33	0.0021133400263539776	ng_v1
8	0	1976608	34	0.002084581901114078	ng_v1
8	0	2254469	35	0.0020603776972988384	ng_v1
8	0	3806164	36	0.001972463731148102	ng_v1
8	0	1936313	37	0.001867932178195697	ng_v1
8	0	1858696	38	0.0017602815427846515	ng_v1
8	0	1891278	39	0.001397218890679619	ng_v1
8	0	3661963	40	0.0013023348126503418	ng_v1
8	0	3444845	41	0.0011368302466087824	ng_v1
8	0	2567096	42	0.0010343061229987495	ng_v1
8	0	2887806	43	0.0010279204997306	ng_v1
8	0	2572586	44	0.000983854011760161	ng_v1
8	0	2609891	45	0.0009383526729444223	ng_v1
8	0	1994002	46	0.0008872877797942317	ng_v1
8	0	1964547	47	0.0008642735202529358	ng_v1
8	0	2246105	48	0.0006996768165690075	ng_v1
8	0	3337801	49	0.00040354539795744087	ng_v1
8	0	1866702	50	0.00014825216045420898	ng_v1
8	0	2267791	51	6.480922635201727e-05	ng_v1
8	0	1942180	52	4.168557950880002e-05	ng_v1
8	0	2496697	53	2.612826898001019e-05	ng_v1
8	0	130966	54	2.0924499528387494e-05	ng_v1
9	0	2244628	1	0.1252479368150529	ng_v1
9	0	3666422	2	0.04100035530650599	ng_v1
9	0	2627179	3	0.025960605221997297	ng_v1
9	0	2627525	4	0.017578607797910203	ng_v1
9	0	2559826	5	0.017470890784605425	ng_v1
9	0	3150839	6	0.01659280959405549	ng_v1
9	0	1852545	7	0.015565125058444606	ng_v1
9	0	3710774	8	0.013266897498134478	ng_v1
9	0	2518380	9	0.008609217285587556	ng_v1
9	0	2254469	10	0.008464534122324362	ng_v1
9	0	3661963	11	0.008028217335874756	ng_v1
9	0	1468413	12	0.00799438199878379	ng_v1
9	0	3420498	13	0.007710275584671835	ng_v1
9	0	2254639	14	0.0072684272006460285	ng_v1
9	0	3199072	15	0.0048621070918710785	ng_v1
9	0	2567299	16	0.0039215414425659515	ng_v1
9	0	2567289	17	0.0035660018442314196	ng_v1
9	0	3444845	18	0.003237581032393148	ng_v1
9	0	2887806	19	0.0029599450050614927	ng_v1
9	0	3461630	20	0.002065685771696326	ng_v1
9	0	3356124	21	0.0020200276644814115	ng_v1
9	0	1964547	22	0.0018377217371992353	ng_v1
9	0	3259311	23	0.001829184034072295	ng_v1
9	0	2828440	24	0.0016347259577660488	ng_v1
9	0	1936313	25	0.0015707040637473516	ng_v1
9	0	2994656	26	0.0015390098216973586	ng_v1
9	0	2246105	27	0.0015112195038807967	ng_v1
9	0	1858696	28	0.0015042065736564324	ng_v1
9	0	3632172	29	0.001368541228384461	ng_v1
9	0	3078282	30	0.00136518982374652	ng_v1
9	0	1794449	31	0.0013137412246921722	ng_v1
9	0	3537269	32	0.0013069662205583868	ng_v1
9	0	3337801	33	0.0011028323262908825	ng_v1
9	0	3368296	34	0.000961521889929976	ng_v1
9	0	130966	35	0.0009430036535807765	ng_v1
9	0	1853078	36	0.0009378948024049337	ng_v1
9	0	2443793	37	0.0006962014087567091	ng_v1
9	0	2232040	38	0.0006058745575238006	ng_v1
9	0	2729419	39	0.0005361415940623866	ng_v1
9	0	2609891	40	0.0004456963196063914	ng_v1
9	0	1891278	41	0.00039572253280671486	ng_v1
9	0	2267791	42	0.0003698682601450501	ng_v1
9	0	2364167	43	0.00030243886069837627	ng_v1
9	0	3806164	44	0.00025571725095002127	ng_v1
9	0	1976608	45	0.0002353328371946461	ng_v1
9	0	2635122	46	0.00017274599788836404	ng_v1
9	0	3782364	47	0.00014867747711305154	ng_v1
9	0	2737775	48	8.741382122888422e-05	ng_v1
9	0	1942180	49	6.508962695624078e-05	ng_v1
9	0	2496697	50	4.079778429281904e-05	ng_v1
9	0	2572586	51	3.597027776094794e-05	ng_v1
9	0	1994002	52	2.7784157412203024e-05	ng_v1
9	0	2567096	53	7.756976224938118e-06	ng_v1
10	0	2635122	1	0.06236594950830253	ng_v1
10	0	3150839	2	0.03342486384345218	ng_v1
10	0	2627179	3	0.03252382021333659	ng_v1
10	0	3078282	4	0.02767041773305435	ng_v1
10	0	2518380	5	0.022543302894672115	ng_v1
10	0	2737775	6	0.021604468668753193	ng_v1
10	0	3632172	7	0.02132146535470956	ng_v1
10	0	3259311	8	0.02079084541707544	ng_v1
10	0	3537269	9	0.020659551359146867	ng_v1
10	0	1852545	10	0.01848334897630986	ng_v1
10	0	1794449	11	0.017994583836699184	ng_v1
10	0	2887806	12	0.01621871094094687	ng_v1
10	0	2729419	13	0.011420990300739042	ng_v1
10	0	2267791	14	0.010441345165776805	ng_v1
10	0	2567289	15	0.008344857138242037	ng_v1
10	0	2244628	16	0.006523761095431075	ng_v1
10	0	3420498	17	0.006226537553465744	ng_v1
10	0	2254639	18	0.005017650651951798	ng_v1
10	0	130966	19	0.004972473574400047	ng_v1
10	0	2994656	20	0.003850529301254843	ng_v1
10	0	2627525	21	0.003654622183795082	ng_v1
10	0	3337801	22	0.003574719974199314	ng_v1
10	0	2232040	23	0.003467646447428538	ng_v1
10	0	3199072	24	0.0032080745419049692	ng_v1
10	0	3444845	25	0.003070705959346831	ng_v1
10	0	2559826	26	0.0028318715513217115	ng_v1
10	0	1942180	27	0.002740852249702867	ng_v1
10	0	1994002	28	0.002669398217106622	ng_v1
10	0	2246105	29	0.002635753441990487	ng_v1
10	0	2254469	30	0.0025816164304676634	ng_v1
10	0	1468413	31	0.0018832262114894089	ng_v1
10	0	3368296	32	0.001482335422634351	ng_v1
10	0	3710774	33	0.0013134438331849868	ng_v1
10	0	2443793	34	0.0012943848721531162	ng_v1
10	0	1891278	35	0.0011400836515958906	ng_v1
10	0	3782364	36	0.0009079087208102914	ng_v1
10	0	1853078	37	0.0008880547646410916	ng_v1
10	0	3806164	38	0.0008324410740127883	ng_v1
10	0	1976608	39	0.0007375155702095809	ng_v1
10	0	3356124	40	0.0007180796388743827	ng_v1
10	0	2828440	41	0.0006960756025744538	ng_v1
10	0	1936313	42	0.0005056853974769016	ng_v1
10	0	2567096	43	0.0004616302923322134	ng_v1
10	0	1858696	44	0.000415487944217607	ng_v1
10	0	3661963	45	0.0003994880289300292	ng_v1
10	0	2609891	46	0.0001055528413146473	ng_v1
10	0	1964547	47	9.818120287132355e-05	ng_v1
10	0	2567299	48	4.859845515281113e-05	ng_v1
10	0	3461630	49	2.87318775448613e-05	ng_v1
10	0	2496697	50	2.6918850342631164e-05	ng_v1
10	0	2572586	51	2.3733605650742697e-05	ng_v1
10	0	3666422	52	9.409746473125182e-06	ng_v1
11	0	3150839	1	0.06011681413091487	ng_v1
11	0	2729419	2	0.05934912620663779	ng_v1
11	0	1858696	3	0.0475741763305792	ng_v1
11	0	3632172	4	0.03983719418919189	ng_v1
11	0	3537269	5	0.03935948430909412	ng_v1
11	0	2443793	6	0.03643664222965061	ng_v1
11	0	3199072	7	0.033743470240753415	ng_v1
11	0	130966	8	0.033469181679027495	ng_v1
11	0	2887806	9	0.024696339755387143	ng_v1
11	0	2254639	10	0.02234302770454379	ng_v1
11	0	3356124	11	0.02148666635828455	ng_v1
11	0	1852545	12	0.018753429124875876	ng_v1
11	0	3078282	13	0.015411437483218418	ng_v1
11	0	2244628	14	0.01444902869815946	ng_v1
11	0	2567289	15	0.013835946466131406	ng_v1
11	0	3420498	16	0.013016068932678582	ng_v1
11	0	2635122	17	0.012892833228249382	ng_v1
11	0	2567299	18	0.012828870827377875	ng_v1
11	0	1994002	19	0.012318643083742408	ng_v1
11	0	1794449	20	0.012001463905603466	ng_v1
11	0	2559826	21	0.011643572259723825	ng_v1
11	0	2572586	22	0.011516849855865902	ng_v1
11	0	2994656	23	0.009903060608057162	ng_v1
11	0	3444845	24	0.008421733433351298	ng_v1
11	0	2254469	25	0.00663022298127673	ng_v1
11	0	2518380	26	0.006151586799111822	ng_v1
11	0	3782364	27	0.0051530990247750695	ng_v1
11	0	2267791	28	0.005071806071853912	ng_v1
11	0	3461630	29	0.0046053567437975215	ng_v1
11	0	1936313	30	0.004353815865813154	ng_v1
11	0	3710774	31	0.004258986674527046	ng_v1
11	0	2232040	32	0.004233485038931674	ng_v1
11	0	2737775	33	0.0038459431439711997	ng_v1
11	0	1853078	34	0.0031260509253826056	ng_v1
11	0	3259311	35	0.0027607647594396407	ng_v1
11	0	2627525	36	0.0017935366284605203	ng_v1
11	0	2364167	37	0.0017034102972760356	ng_v1
11	0	3337801	38	0.001664773583353953	ng_v1
11	0	3806164	39	0.0016594230891368938	ng_v1
11	0	1942180	40	0.001554635406153333	ng_v1
11	0	3666422	41	0.0014350640806167078	ng_v1
11	0	1468413	42	0.0013880180115918854	ng_v1
11	0	1964547	43	0.001283831592775906	ng_v1
11	0	3661963	44	0.0011626988680676822	ng_v1
11	0	2246105	45	0.0010912976032660842	ng_v1
11	0	2609891	46	0.0009641457779853145	ng_v1
11	0	2627179	47	0.0008428732800944299	ng_v1
11	0	3368296	48	0.0008104988262335131	ng_v1
11	0	2567096	49	0.0007675107010444118	ng_v1
11	0	1866702	50	0.0006373322777038291	ng_v1
11	0	2828440	51	0.0006069379318425843	ng_v1
11	0	1976608	52	0.0004078379752130026	ng_v1
11	0	1891278	53	0.00032457865544250426	ng_v1
11	0	2496697	54	4.630936845895353e-05	ng_v1
12	0	3537269	1	0.020319537859795598	ng_v1
12	0	3632172	2	0.020288435080971362	ng_v1
12	0	3420498	3	0.01830654004784548	ng_v1
12	0	3666422	4	0.011433146254695941	ng_v1
12	0	1852545	5	0.010839091148196629	ng_v1
12	0	2994656	6	0.009273245800016506	ng_v1
12	0	2246105	7	0.008331608235849646	ng_v1
12	0	2443793	8	0.007552474180744554	ng_v1
12	0	2559826	9	0.007391947784708668	ng_v1
12	0	3368296	10	0.006182792435885264	ng_v1
12	0	2887806	11	0.0052656614774587536	ng_v1
12	0	3150839	12	0.005101323502901254	ng_v1
12	0	1794449	13	0.0048629478023215125	ng_v1
12	0	1468413	14	0.004382623035619366	ng_v1
12	0	2254639	15	0.004310830160459264	ng_v1
12	0	2232040	16	0.003969066840835701	ng_v1
12	0	3782364	17	0.003845384844320033	ng_v1
12	0	3444845	18	0.0035442542728502608	ng_v1
12	0	2729419	19	0.0035085819439661585	ng_v1
12	0	2364167	20	0.0030720475061013336	ng_v1
12	0	3710774	21	0.0020988839224437934	ng_v1
12	0	3337801	22	0.0020917396055488945	ng_v1
12	0	2267791	23	0.0020711633084729768	ng_v1
12	0	3356124	24	0.0020547274867481475	ng_v1
12	0	3199072	25	0.0020351656579155547	ng_v1
12	0	3259311	26	0.001978146608167489	ng_v1
12	0	130966	27	0.0016465439582897103	ng_v1
12	0	2567289	28	0.0016412953020314232	ng_v1
12	0	1964547	29	0.001563232140437357	ng_v1
12	0	2254469	30	0.0015580329684656466	ng_v1
12	0	2635122	31	0.0013295388778129383	ng_v1
12	0	2572586	32	0.001304194902343675	ng_v1
12	0	1858696	33	0.0012151801778456813	ng_v1
12	0	1936313	34	0.0011884467579988906	ng_v1
12	0	1853078	35	0.0011401112182096527	ng_v1
12	0	1994002	36	0.0010634916776441682	ng_v1
12	0	2567096	37	0.0009425117045694399	ng_v1
12	0	3461630	38	0.0009380042924512598	ng_v1
12	0	2609891	39	0.0008192564208309217	ng_v1
12	0	2567299	40	0.0008117209556063591	ng_v1
12	0	2244628	41	0.0007661857498505612	ng_v1
12	0	1976608	42	0.0006275751829422498	ng_v1
12	0	1942180	43	0.0006274798819091635	ng_v1
12	0	3806164	44	0.0006129244856839023	ng_v1
12	0	2627179	45	0.0005542765605217255	ng_v1
12	0	3661963	46	0.0003719487727700569	ng_v1
12	0	3078282	47	0.0003055535547607975	ng_v1
12	0	2828440	48	0.0002792864733479336	ng_v1
12	0	2518380	49	0.00023902361084960808	ng_v1
12	0	1891278	50	0.0001030279938224225	ng_v1
12	0	2737775	51	7.68954233595541e-05	ng_v1
12	0	2627525	52	3.8437729143896755e-05	ng_v1
12	0	2496697	53	3.588863695952318e-05	ng_v1
12	0	1866702	54	2.3775042211646855e-05	ng_v1
13	0	1794449	1	0.02175727381715136	ng_v1
13	0	2994656	2	0.018217603958628623	ng_v1
13	0	1852545	3	0.014883859762145618	ng_v1
13	0	3420498	4	0.010757341692194501	ng_v1
13	0	2887806	5	0.008362058102769987	ng_v1
13	0	2559826	6	0.007943675022064545	ng_v1
13	0	3259311	7	0.007712454686932437	ng_v1
13	0	2737775	8	0.006671793423096261	ng_v1
13	0	2246105	9	0.006383834816096294	ng_v1
13	0	2232040	10	0.005695875748772223	ng_v1
13	0	2254639	11	0.004897599713989457	ng_v1
13	0	1942180	12	0.004469427241188776	ng_v1
13	0	3150839	13	0.004175820815598055	ng_v1
13	0	2254469	14	0.004144175738484126	ng_v1
13	0	3444845	15	0.004138997389802123	ng_v1
13	0	1468413	16	0.0039008968946765117	ng_v1
13	0	2443793	17	0.003662310336845158	ng_v1
13	0	2729419	18	0.003620251779087532	ng_v1
13	0	3337801	19	0.0033894943051334704	ng_v1
13	0	3537269	20	0.0032031833914041	ng_v1
13	0	3632172	21	0.003079052352089997	ng_v1
13	0	2627525	22	0.0029469404820349205	ng_v1
13	0	2567289	23	0.0028873158405225397	ng_v1
13	0	3199072	24	0.0027312876534592535	ng_v1
13	0	3782364	25	0.002496879339880373	ng_v1
13	0	2267791	26	0.002419279116040505	ng_v1
13	0	2572586	27	0.002142961605986684	ng_v1
13	0	3356124	28	0.0021314007025843526	ng_v1
13	0	1994002	29	0.0021246803833782314	ng_v1
13	0	3710774	30	0.0020533300797467694	ng_v1
13	0	3666422	31	0.0019646157573305605	ng_v1
13	0	3368296	32	0.0017635157414450633	ng_v1
13	0	2244628	33	0.0014414707340401896	ng_v1
13	0	1936313	34	0.0012569526550699072	ng_v1
13	0	1858696	35	0.0011077703128147215	ng_v1
13	0	3806164	36	0.0011046627738370031	ng_v1
13	0	1853078	37	0.0009315182020465339	ng_v1
13	0	2627179	38	0.0008545051291016355	ng_v1
13	0	3461630	39	0.0007977087963943608	ng_v1
13	0	3078282	40	0.0007746049540046058	ng_v1
13	0	2828440	41	0.0007107294269248455	ng_v1
13	0	1976608	42	0.0007020433269231173	ng_v1
13	0	130966	43	0.000694963063916743	ng_v1
13	0	1964547	44	0.0006277493287369621	ng_v1
13	0	1891278	45	0.0005390391715700744	ng_v1
13	0	2518380	46	0.0005061049074910021	ng_v1
13	0	2567096	47	0.00045927273742086785	ng_v1
13	0	2609891	48	0.0003399928573228173	ng_v1
13	0	2635122	49	0.0002970448969289496	ng_v1
13	0	2567299	50	0.0001631718353229138	ng_v1
13	0	2496697	51	0.00016266263830760506	ng_v1
13	0	3661963	52	8.297718168353074e-05	ng_v1
13	0	2364167	53	5.849935770740869e-05	ng_v1
13	0	1866702	54	1.4590638988709436e-05	ng_v1
14	0	2994656	1	0.13001002703849257	ng_v1
14	0	2443793	2	0.07587178021461385	ng_v1
14	0	3150839	3	0.044800302476782766	ng_v1
14	0	2518380	4	0.04324040702072899	ng_v1
14	0	2627525	5	0.03980275150276164	ng_v1
14	0	2559826	6	0.03586142878724886	ng_v1
14	0	2496697	7	0.02600208230441698	ng_v1
14	0	1994002	8	0.022490275972857247	ng_v1
14	0	3632172	9	0.022364815563515623	ng_v1
14	0	3420498	10	0.022158042665990717	ng_v1
14	0	3537269	11	0.022149663838340352	ng_v1
14	0	1794449	12	0.020896998601261294	ng_v1
14	0	2232040	13	0.019292057158575217	ng_v1
14	0	2635122	14	0.015724129050926305	ng_v1
14	0	2567289	15	0.015398998568000226	ng_v1
14	0	2567299	16	0.01489533004822012	ng_v1
14	0	2609891	17	0.014123450236197379	ng_v1
14	0	3078282	18	0.013854097546554154	ng_v1
14	0	2828440	19	0.01149123800951766	ng_v1
14	0	3461630	20	0.0105574564434756	ng_v1
14	0	2737775	21	0.010385520459778162	ng_v1
14	0	3368296	22	0.009874795204403928	ng_v1
14	0	1858696	23	0.009849852292039638	ng_v1
14	0	1891278	24	0.009543116525289833	ng_v1
14	0	3259311	25	0.00847607054673269	ng_v1
14	0	3199072	26	0.008060368881501117	ng_v1
14	0	3337801	27	0.007369022501366438	ng_v1
14	0	2729419	28	0.007268652565322752	ng_v1
14	0	3444845	29	0.006982907740422207	ng_v1
14	0	3356124	30	0.0069108636429299946	ng_v1
14	0	2887806	31	0.006788334209560834	ng_v1
14	0	2254469	32	0.006528940563053126	ng_v1
14	0	2627179	33	0.0063882595701028454	ng_v1
14	0	3806164	34	0.005921102774949455	ng_v1
14	0	2254639	35	0.005375709012824641	ng_v1
14	0	2246105	36	0.004590185749995847	ng_v1
14	0	1976608	37	0.004103341953236824	ng_v1
14	0	3782364	38	0.0038923864655436226	ng_v1
14	0	2267791	39	0.0038415963630778057	ng_v1
14	0	2567096	40	0.00375948277041502	ng_v1
14	0	1936313	41	0.003613436167526686	ng_v1
14	0	3710774	42	0.003473191027941043	ng_v1
14	0	3666422	43	0.0034316925804617746	ng_v1
14	0	1468413	44	0.0032695110597316373	ng_v1
14	0	2244628	45	0.003087639716117658	ng_v1
14	0	130966	46	0.00301840795194073	ng_v1
14	0	1964547	47	0.0028660960566547714	ng_v1
14	0	2364167	48	0.002731969927235517	ng_v1
14	0	2572586	49	0.0019961323630276304	ng_v1
14	0	1852545	50	0.001989159302191436	ng_v1
14	0	3661963	51	0.0009291820687775055	ng_v1
14	0	1853078	52	0.0007781558012839652	ng_v1
14	0	1866702	53	0.0002781975674685496	ng_v1
14	0	1942180	54	7.463136776283817e-05	ng_v1
15	0	3444845	1	0.20625323423034478	ng_v1
15	0	3337801	2	0.07156556043138719	ng_v1
15	0	2254639	3	0.04192663780483203	ng_v1
15	0	3150839	4	0.03389695146982781	ng_v1
15	0	2737775	5	0.03229352925826331	ng_v1
15	0	3356124	6	0.028959452744942795	ng_v1
15	0	2572586	7	0.017537508632947754	ng_v1
15	0	3632172	8	0.016805278936013628	ng_v1
15	0	3537269	9	0.016684465548681946	ng_v1
15	0	2244628	10	0.012246825837388724	ng_v1
15	0	2559826	11	0.011878005351070618	ng_v1
15	0	2518380	12	0.009752038431866073	ng_v1
15	0	1468413	13	0.007249820729852315	ng_v1
15	0	2232040	14	0.007022755595145791	ng_v1
15	0	1852545	15	0.007003645755194376	ng_v1
15	0	1794449	16	0.006801273889333826	ng_v1
15	0	2627525	17	0.006271526286864831	ng_v1
15	0	3078282	18	0.0060315593037155255	ng_v1
15	0	2887806	19	0.0051965013262505145	ng_v1
15	0	3420498	20	0.004668330468740166	ng_v1
15	0	2994656	21	0.004583709801059494	ng_v1
15	0	3710774	22	0.004040510898045981	ng_v1
15	0	2729419	23	0.003873943530938059	ng_v1
15	0	3806164	24	0.003810634713192745	ng_v1
15	0	2635122	25	0.003801230117468068	ng_v1
15	0	3368296	26	0.00375617632144078	ng_v1
15	0	3782364	27	0.0034159234707400207	ng_v1
15	0	3666422	28	0.0024186028760938756	ng_v1
15	0	2627179	29	0.0023569997141358765	ng_v1
15	0	1976608	30	0.0021685625395531523	ng_v1
15	0	1853078	31	0.0019848054482350425	ng_v1
15	0	1891278	32	0.001944880810599167	ng_v1
15	0	3259311	33	0.001867978468492418	ng_v1
15	0	2567299	34	0.0017966423048783816	ng_v1
15	0	3661963	35	0.0016249538890710075	ng_v1
15	0	2567289	36	0.0015003930248730067	ng_v1
15	0	1936313	37	0.0012257548238337852	ng_v1
15	0	2267791	38	0.0012225340392889807	ng_v1
15	0	2567096	39	0.0010627848820426557	ng_v1
15	0	2246105	40	0.0010601308120971361	ng_v1
15	0	2443793	41	0.001039444171729219	ng_v1
15	0	2496697	42	0.0009897773517516773	ng_v1
15	0	1964547	43	0.0009026512432246046	ng_v1
15	0	2828440	44	0.0008799949851804188	ng_v1
15	0	3199072	45	0.0008748176084289745	ng_v1
15	0	130966	46	0.0008333048199318756	ng_v1
15	0	1858696	47	0.0007826930505611337	ng_v1
15	0	2254469	48	0.0007293983603085743	ng_v1
15	0	2609891	49	0.0006697394742387333	ng_v1
15	0	2364167	50	0.000553097946201036	ng_v1
15	0	1866702	51	0.0005290905659231761	ng_v1
15	0	1942180	52	3.043121475342392e-05	ng_v1
15	0	3461630	53	2.0358772183438153e-05	ng_v1
15	0	1994002	54	1.2989867978842645e-05	ng_v1
16	0	2254469	1	0.0876359562230117	ng_v1
16	0	2559826	2	0.07871046454929642	ng_v1
16	0	2729419	3	0.037111583020841964	ng_v1
16	0	3199072	4	0.02726743555011242	ng_v1
16	0	3632172	5	0.023079706071809994	ng_v1
16	0	3537269	6	0.02266386391802618	ng_v1
16	0	3150839	7	0.020876427692302562	ng_v1
16	0	2627525	8	0.018342839167634458	ng_v1
16	0	3461630	9	0.017351901220081584	ng_v1
16	0	130966	10	0.015485384193940945	ng_v1
16	0	3356124	11	0.013697108398511943	ng_v1
16	0	2635122	12	0.013334142251636934	ng_v1
16	0	2518380	13	0.01314758864455462	ng_v1
16	0	2443793	14	0.013073896885218874	ng_v1
16	0	2244628	15	0.01082915199322702	ng_v1
16	0	2567289	16	0.009817872780055475	ng_v1
16	0	3078282	17	0.009783837640495317	ng_v1
16	0	1794449	18	0.009531175171443392	ng_v1
16	0	1858696	19	0.009468730895025649	ng_v1
16	0	2887806	20	0.009375179653715255	ng_v1
16	0	3420498	21	0.009151405396791814	ng_v1
16	0	1994002	22	0.00909265667350019	ng_v1
16	0	3259311	23	0.008303353189478375	ng_v1
16	0	1852545	24	0.007507145342870446	ng_v1
16	0	1964547	25	0.006834870218100872	ng_v1
16	0	2254639	26	0.006666463947316511	ng_v1
16	0	2572586	27	0.0058614609865663865	ng_v1
16	0	2232040	28	0.005367249804896037	ng_v1
16	0	3444845	29	0.005365639788952052	ng_v1
16	0	2609891	30	0.004224029645282351	ng_v1
16	0	2267791	31	0.004022262274988408	ng_v1
16	0	1891278	32	0.0038176738053409603	ng_v1
16	0	2737775	33	0.003697069577084162	ng_v1
16	0	2567299	34	0.0031946372121646745	ng_v1
16	0	2828440	35	0.0030103905189657436	ng_v1
16	0	2994656	36	0.0029492388371755852	ng_v1
16	0	1936313	37	0.002592647232240522	ng_v1
16	0	3782364	38	0.0024554253328844	ng_v1
16	0	3368296	39	0.0020849939849291324	ng_v1
16	0	1942180	40	0.0018584917836220328	ng_v1
16	0	3661963	41	0.001707854931828615	ng_v1
16	0	2246105	42	0.0014897165073504387	ng_v1
16	0	3710774	43	0.0013259221634435228	ng_v1
16	0	3806164	44	0.0011653741610883543	ng_v1
16	0	2567096	45	0.0011132939358327392	ng_v1
16	0	3337801	46	0.001066995070234008	ng_v1
16	0	2627179	47	0.0010270312369623814	ng_v1
16	0	3666422	48	0.0009956335124071214	ng_v1
16	0	1468413	49	0.0007914254531271591	ng_v1
16	0	1853078	50	0.0005895149654729879	ng_v1
16	0	1976608	51	0.0003471771105951132	ng_v1
16	0	2364167	52	0.00018588534349180038	ng_v1
16	0	1866702	53	0.00016889988927845144	ng_v1
16	0	2496697	54	7.482523987116411e-05	ng_v1
17	0	2609891	1	0.170309005457412	ng_v1
17	0	3806164	2	0.10332999470921178	ng_v1
17	0	2254639	3	0.08068039425310923	ng_v1
17	0	3782364	4	0.05244894022229784	ng_v1
17	0	3078282	5	0.04556129679174899	ng_v1
17	0	2559826	6	0.03490583192489623	ng_v1
17	0	3444845	7	0.029522626982700594	ng_v1
17	0	2572586	8	0.02861384945462602	ng_v1
17	0	2244628	9	0.02366325636463744	ng_v1
17	0	2567299	10	0.02062255283937484	ng_v1
17	0	1468413	11	0.01728992883108081	ng_v1
17	0	3150839	12	0.017082867066272503	ng_v1
17	0	2635122	13	0.011981149165767542	ng_v1
17	0	3368296	14	0.009020320940769228	ng_v1
17	0	3461630	15	0.007588180192151124	ng_v1
17	0	2443793	16	0.007535182263019258	ng_v1
17	0	1936313	17	0.007390142027770364	ng_v1
17	0	2246105	18	0.006647237350166696	ng_v1
17	0	3337801	19	0.005924857083789755	ng_v1
17	0	3199072	20	0.005634864721953652	ng_v1
17	0	2994656	21	0.0054522329638345725	ng_v1
17	0	2232040	22	0.005253215273301236	ng_v1
17	0	1852545	23	0.00515212032344007	ng_v1
17	0	3632172	24	0.005148667686390523	ng_v1
17	0	3537269	25	0.004777797465107106	ng_v1
17	0	3661963	26	0.004760195343014069	ng_v1
17	0	2887806	27	0.0045197760102306936	ng_v1
17	0	1794449	28	0.004168425740606725	ng_v1
17	0	2729419	29	0.0039763664781152785	ng_v1
17	0	2627179	30	0.00383944895378841	ng_v1
17	0	3710774	31	0.0038275054833049717	ng_v1
17	0	130966	32	0.0036200006483618555	ng_v1
17	0	2567096	33	0.003416435796699774	ng_v1
17	0	2254469	34	0.003205403065356936	ng_v1
17	0	2518380	35	0.0029551711813233547	ng_v1
17	0	2737775	36	0.0026218583181261096	ng_v1
17	0	1853078	37	0.0025461443771537242	ng_v1
17	0	2627525	38	0.002338888279805375	ng_v1
17	0	1858696	39	0.0022453302383701676	ng_v1
17	0	1891278	40	0.0020515836192017125	ng_v1
17	0	1942180	41	0.0019856676853180657	ng_v1
17	0	1964547	42	0.0017679275549066754	ng_v1
17	0	3259311	43	0.0016474894558199842	ng_v1
17	0	2828440	44	0.0015538670709928657	ng_v1
17	0	2267791	45	0.0015298480176400048	ng_v1
17	0	2567289	46	0.0010693344119422183	ng_v1
17	0	2364167	47	0.0010519750522291196	ng_v1
17	0	1866702	48	0.0009722912825958662	ng_v1
17	0	3356124	49	0.0008328527801225349	ng_v1
17	0	3420498	50	0.00079475801958304	ng_v1
17	0	1976608	51	0.0007936750106508153	ng_v1
17	0	2496697	52	0.000686479374708832	ng_v1
17	0	1994002	53	0.0005650608983493221	ng_v1
17	0	3666422	54	0.00046510416737050226	ng_v1
18	0	2559826	1	0.03648762870274593	ng_v1
18	0	3537269	2	0.026353725625754096	ng_v1
18	0	3632172	3	0.023832005072100836	ng_v1
18	0	3199072	4	0.021800754095574377	ng_v1
18	0	1891278	5	0.01987539354302303	ng_v1
18	0	3356124	6	0.018370696296324273	ng_v1
18	0	1976608	7	0.01794051189773532	ng_v1
18	0	3782364	8	0.017514412109176463	ng_v1
18	0	2635122	9	0.015275561445681582	ng_v1
18	0	3368296	10	0.011581621145328257	ng_v1
18	0	2518380	11	0.011502347724492766	ng_v1
18	0	2627525	12	0.011236217252685839	ng_v1
18	0	2737775	13	0.010872427930374217	ng_v1
18	0	1468413	14	0.009790906744947044	ng_v1
18	0	1964547	15	0.00957098963326451	ng_v1
18	0	2994656	16	0.009016521833041018	ng_v1
18	0	2254639	17	0.007666837321706035	ng_v1
18	0	2887806	18	0.007596914612487132	ng_v1
18	0	2567289	19	0.007110622025671238	ng_v1
18	0	3259311	20	0.0063807014479654355	ng_v1
18	0	2572586	21	0.006353145630832852	ng_v1
18	0	1794449	22	0.005949634915704312	ng_v1
18	0	1936313	23	0.0058893345951206875	ng_v1
18	0	3078282	24	0.005101064704666103	ng_v1
18	0	3150839	25	0.004844696726294303	ng_v1
18	0	3710774	26	0.004764320543288641	ng_v1
18	0	2567299	27	0.004658623375488623	ng_v1
18	0	2267791	28	0.004622180506877044	ng_v1
18	0	2729419	29	0.004543955081655316	ng_v1
18	0	2244628	30	0.004403097453342698	ng_v1
18	0	2609891	31	0.003617359656773118	ng_v1
18	0	2364167	32	0.0035230445232897678	ng_v1
18	0	1994002	33	0.0032860916164865277	ng_v1
18	0	3666422	34	0.0030367494494975985	ng_v1
18	0	2232040	35	0.0026468525903150936	ng_v1
18	0	2567096	36	0.0024571816946371925	ng_v1
18	0	2627179	37	0.0024155225288581307	ng_v1
18	0	3444845	38	0.0022968449586282754	ng_v1
18	0	130966	39	0.0019764021725095274	ng_v1
18	0	3806164	40	0.0018267308219982296	ng_v1
18	0	1852545	41	0.0015697437467139966	ng_v1
18	0	1853078	42	0.0013798633297157233	ng_v1
18	0	3420498	43	0.0012833470366786631	ng_v1
18	0	3461630	44	0.001244561010842561	ng_v1
18	0	3661963	45	0.0011753904531826992	ng_v1
18	0	1858696	46	0.0011335785242841917	ng_v1
18	0	1942180	47	0.000941727359913283	ng_v1
18	0	3337801	48	0.000808729576998692	ng_v1
18	0	2254469	49	0.0006502863629730005	ng_v1
18	0	2828440	50	0.0006073705622701081	ng_v1
18	0	2246105	51	0.0005437190509034795	ng_v1
18	0	2443793	52	0.0003984010648291206	ng_v1
18	0	1866702	53	0.00030276934958243997	ng_v1
19	0	3632172	1	0.02608214442969496	ng_v1
19	0	3537269	2	0.026040259928952304	ng_v1
19	0	2567299	3	0.024673603562192607	ng_v1
19	0	2254469	4	0.02043233072830609	ng_v1
19	0	2232040	5	0.016873175950786655	ng_v1
19	0	2635122	6	0.01558441390127382	ng_v1
19	0	2559826	7	0.015563442431829829	ng_v1
19	0	1942180	8	0.01211239338385047	ng_v1
19	0	2443793	9	0.010448566614669301	ng_v1
19	0	2567289	10	0.00931021789718211	ng_v1
19	0	2246105	11	0.008982206630149292	ng_v1
19	0	2518380	12	0.008201943385374569	ng_v1
19	0	3150839	13	0.007230004268876851	ng_v1
19	0	3078282	14	0.007224716017157682	ng_v1
19	0	3461630	15	0.006975069798484302	ng_v1
19	0	1852545	16	0.0065349383202365175	ng_v1
19	0	1468413	17	0.006297386146303199	ng_v1
19	0	2729419	18	0.006232974773736114	ng_v1
19	0	3782364	19	0.004830993386301984	ng_v1
19	0	2364167	20	0.004514251034408507	ng_v1
19	0	2267791	21	0.004147255036805405	ng_v1
19	0	2828440	22	0.0039846847439129205	ng_v1
19	0	2994656	23	0.0038378049290334446	ng_v1
19	0	3259311	24	0.0038148378558839784	ng_v1
19	0	2887806	25	0.00377330890048769	ng_v1
19	0	3368296	26	0.0032809793813711563	ng_v1
19	0	130966	27	0.002884887221530738	ng_v1
19	0	1994002	28	0.0028532574824236723	ng_v1
19	0	2254639	29	0.002737971526018334	ng_v1
19	0	3199072	30	0.002602809290940399	ng_v1
19	0	1976608	31	0.002312502426781318	ng_v1
19	0	1866702	32	0.0022583010838258316	ng_v1
19	0	3806164	33	0.0020354807117866935	ng_v1
19	0	2737775	34	0.0019166837640611164	ng_v1
19	0	3710774	35	0.0019111434558371878	ng_v1
19	0	3420498	36	0.00177781695703107	ng_v1
19	0	1964547	37	0.0017409066756687087	ng_v1
19	0	3356124	38	0.0017203704980886738	ng_v1
19	0	1853078	39	0.001660020165186625	ng_v1
19	0	2572586	40	0.0016142738728331814	ng_v1
19	0	2627525	41	0.0014788755258916886	ng_v1
19	0	1794449	42	0.0012889400540657678	ng_v1
19	0	1858696	43	0.0012836586616186145	ng_v1
19	0	2609891	44	0.0012085347222715475	ng_v1
19	0	3444845	45	0.0009930793223879295	ng_v1
19	0	2627179	46	0.0009923656018939883	ng_v1
19	0	1891278	47	0.0009275010845417002	ng_v1
19	0	3337801	48	0.0007512549864885447	ng_v1
19	0	2567096	49	0.0005377129721521248	ng_v1
19	0	3666422	50	0.0005187535264921378	ng_v1
19	0	2244628	51	0.0005186710121625393	ng_v1
19	0	3661963	52	0.0004989488158187147	ng_v1
19	0	1936313	53	0.0003473578079329733	ng_v1
19	0	2496697	54	4.002219983523364e-05	ng_v1
20	0	3150839	1	0.16678082086957002	ng_v1
20	0	2254639	2	0.06751508640707561	ng_v1
20	0	2729419	3	0.04059158203601276	ng_v1
20	0	2572586	4	0.03733715669785716	ng_v1
20	0	2443793	5	0.0348718327838337	ng_v1
20	0	2518380	6	0.032766002023109496	ng_v1
20	0	2627525	7	0.02987501746068211	ng_v1
20	0	3444845	8	0.016893209043530397	ng_v1
20	0	3537269	9	0.016799152673915393	ng_v1
20	0	3632172	10	0.016596761754070998	ng_v1
20	0	2232040	11	0.014619416487718818	ng_v1
20	0	1468413	12	0.013342108437838788	ng_v1
20	0	3078282	13	0.01269652260332581	ng_v1
20	0	2994656	14	0.012116282526302593	ng_v1
20	0	1794449	15	0.011015941580779296	ng_v1
20	0	2567299	16	0.010371520309141458	ng_v1
20	0	2635122	17	0.010106363353076084	ng_v1
20	0	2244628	18	0.009417701515958145	ng_v1
20	0	1858696	19	0.007496465761216686	ng_v1
20	0	1852545	20	0.007425114393015581	ng_v1
20	0	3199072	21	0.0073462049393396315	ng_v1
20	0	2609891	22	0.007153965303063378	ng_v1
20	0	2737775	23	0.006511106349824693	ng_v1
20	0	3356124	24	0.006451291697087139	ng_v1
20	0	130966	25	0.006217101092990723	ng_v1
20	0	2567289	26	0.0060679030006977755	ng_v1
20	0	1942180	27	0.005687674438335764	ng_v1
20	0	2627179	28	0.005570712646772714	ng_v1
20	0	2246105	29	0.005457886587562763	ng_v1
20	0	2559826	30	0.005283484132102928	ng_v1
20	0	3461630	31	0.004649579977596774	ng_v1
20	0	2254469	32	0.004543682351635594	ng_v1
20	0	3782364	33	0.004541633461411837	ng_v1
20	0	2887806	34	0.004428844439745058	ng_v1
20	0	3806164	35	0.004238258247217804	ng_v1
20	0	3420498	36	0.004159630286188697	ng_v1
20	0	3337801	37	0.004009991297890765	ng_v1
20	0	3710774	38	0.0037906870807534344	ng_v1
20	0	1891278	39	0.003485270218654122	ng_v1
20	0	3661963	40	0.0033139481618643433	ng_v1
20	0	3368296	41	0.0030157913293349234	ng_v1
20	0	1936313	42	0.0024481056778064654	ng_v1
20	0	3259311	43	0.002098652165701735	ng_v1
20	0	2496697	44	0.0020723875381202933	ng_v1
20	0	1994002	45	0.001922912808690637	ng_v1
20	0	2828440	46	0.0017544673864483345	ng_v1
20	0	2267791	47	0.001295830296698382	ng_v1
20	0	2567096	48	0.00087809856368371	ng_v1
20	0	1976608	49	0.0007718613108906632	ng_v1
20	0	3666422	50	0.0005485129656720845	ng_v1
20	0	1853078	51	0.00044022908273965653	ng_v1
20	0	1964547	52	0.0002618180353245748	ng_v1
21	0	1964547	1	0.0493814555884472	ng_v1
21	0	2364167	2	0.01663016027566269	ng_v1
21	0	3150839	3	0.016577437743477152	ng_v1
21	0	3356124	4	0.01191176716853244	ng_v1
21	0	1852545	5	0.010380238831522642	ng_v1
21	0	1976608	6	0.007960915920771191	ng_v1
21	0	1891278	7	0.007363606312141843	ng_v1
21	0	1853078	8	0.007117534543730659	ng_v1
21	0	2567289	9	0.007050233494505661	ng_v1
21	0	2887806	10	0.006948943904182109	ng_v1
21	0	3199072	11	0.006136059938052841	ng_v1
21	0	3632172	12	0.005745482402584772	ng_v1
21	0	3537269	13	0.00554501341589954	ng_v1
21	0	2232040	14	0.004899388446652688	ng_v1
21	0	1936313	15	0.004273050926233982	ng_v1
21	0	2572586	16	0.003952102786665965	ng_v1
21	0	1794449	17	0.0029602453902066905	ng_v1
21	0	1994002	18	0.002951006136749451	ng_v1
21	0	2246105	19	0.0026237623823555252	ng_v1
21	0	2609891	20	0.002574205603556796	ng_v1
21	0	2737775	21	0.002467552680787374	ng_v1
21	0	3368296	22	0.002406349419539509	ng_v1
21	0	3337801	23	0.0023878593360968587	ng_v1
21	0	2254639	24	0.0021128846476179096	ng_v1
21	0	2267791	25	0.002007548661722147	ng_v1
21	0	1942180	26	0.0018936406378449748	ng_v1
21	0	2828440	27	0.0018207626320793147	ng_v1
21	0	3782364	28	0.001786369956712569	ng_v1
21	0	2567096	29	0.0016791628549674882	ng_v1
21	0	2559826	30	0.0015662388169435252	ng_v1
21	0	3259311	31	0.0014517303601139443	ng_v1
21	0	2729419	32	0.0014162869923787698	ng_v1
21	0	2244628	33	0.0014094755461251129	ng_v1
21	0	2994656	34	0.0011592336363052712	ng_v1
21	0	130966	35	0.0011065712983110065	ng_v1
21	0	1858696	36	0.0009500876351683092	ng_v1
21	0	2627525	37	0.000874142037291354	ng_v1
21	0	2627179	38	0.0008651130118650869	ng_v1
21	0	3806164	39	0.0006405908248523282	ng_v1
21	0	2518380	40	0.0005955890849605284	ng_v1
21	0	3666422	41	0.0005655032683693903	ng_v1
21	0	3710774	42	0.0005502611522313982	ng_v1
21	0	2254469	43	0.0005224312966154497	ng_v1
21	0	3661963	44	0.0005031069761667163	ng_v1
21	0	2567299	45	0.0004990271788024368	ng_v1
21	0	3078282	46	0.00041302662987419754	ng_v1
21	0	2443793	47	0.0003211677516442882	ng_v1
21	0	1468413	48	0.00027693667399870996	ng_v1
21	0	3444845	49	0.00022917838631521752	ng_v1
21	0	2635122	50	0.00022033179140843544	ng_v1
21	0	1866702	51	0.00021005975273713826	ng_v1
21	0	3461630	52	8.482139902249465e-05	ng_v1
21	0	3420498	53	7.587791221768498e-05	ng_v1
21	0	2496697	54	2.4603407975276705e-05	ng_v1
22	0	2254639	1	0.1739743239108153	ng_v1
22	0	2572586	2	0.06998181814453819	ng_v1
22	0	3444845	3	0.06284170936361551	ng_v1
22	0	1468413	4	0.022928014752548184	ng_v1
22	0	2246105	5	0.02079603367873103	ng_v1
22	0	2244628	6	0.015533067987132419	ng_v1
22	0	3806164	7	0.011038850551064627	ng_v1
22	0	3078282	8	0.009853713899747154	ng_v1
22	0	2635122	9	0.008074906338648226	ng_v1
22	0	2567299	10	0.0076354548333604	ng_v1
22	0	2559826	11	0.007357308554722888	ng_v1
22	0	3199072	12	0.00669094901943204	ng_v1
22	0	1794449	13	0.006436132157208307	ng_v1
22	0	3632172	14	0.006018400374049547	ng_v1
22	0	130966	15	0.005968866362053636	ng_v1
22	0	3537269	16	0.005817263282964328	ng_v1
22	0	2627179	17	0.005681011114187136	ng_v1
22	0	3661963	18	0.005392023725601881	ng_v1
22	0	1852545	19	0.005193818151514373	ng_v1
22	0	3710774	20	0.004231643576573903	ng_v1
22	0	2232040	21	0.004126752322057333	ng_v1
22	0	2443793	22	0.0037413829096932688	ng_v1
22	0	2609891	23	0.0033475493567856275	ng_v1
22	0	2737775	24	0.002985508999751956	ng_v1
22	0	2627525	25	0.002842827972624736	ng_v1
22	0	3337801	26	0.0027253830391210346	ng_v1
22	0	3150839	27	0.002603120266492126	ng_v1
22	0	3368296	28	0.0023690057965096694	ng_v1
22	0	3461630	29	0.0023310794843111773	ng_v1
22	0	2729419	30	0.002260640595935608	ng_v1
22	0	2887806	31	0.0018736624521973279	ng_v1
22	0	3259311	32	0.0018507179556528106	ng_v1
22	0	1976608	33	0.0017546713609391195	ng_v1
22	0	2567289	34	0.0017402289565825874	ng_v1
22	0	1936313	35	0.0016503344857773134	ng_v1
22	0	2567096	36	0.001286349966626725	ng_v1
22	0	2994656	37	0.0010663605907007916	ng_v1
22	0	2267791	38	0.0010550262398970926	ng_v1
22	0	1994002	39	0.0010403619638952395	ng_v1
22	0	3782364	40	0.0010189596072935198	ng_v1
22	0	3356124	41	0.0008531524979409824	ng_v1
22	0	1858696	42	0.0008430376625390174	ng_v1
22	0	3420498	43	0.000690304935704585	ng_v1
22	0	2254469	44	0.000529101845694221	ng_v1
22	0	1853078	45	0.00044590179223215446	ng_v1
22	0	2518380	46	0.0004305222232837075	ng_v1
22	0	1942180	47	0.00032036170311573866	ng_v1
22	0	3666422	48	0.00029499873325036183	ng_v1
22	0	2364167	49	0.0002885255135650949	ng_v1
22	0	1964547	50	0.00026092994266237846	ng_v1
22	0	1891278	51	0.0002529004945350531	ng_v1
22	0	2828440	52	0.00015946280084636286	ng_v1
22	0	2496697	53	4.002220630302852e-05	ng_v1
23	0	2567299	1	0.061601597579632364	ng_v1
23	0	1891278	2	0.044298708553338874	ng_v1
23	0	3078282	3	0.03245189432231503	ng_v1
23	0	2737775	4	0.028524817300814274	ng_v1
23	0	2559826	5	0.025144446763012834	ng_v1
23	0	2254469	6	0.023973323789433364	ng_v1
23	0	2254639	7	0.023360699848162386	ng_v1
23	0	2887806	8	0.021050491910578346	ng_v1
23	0	3259311	9	0.014359271202482104	ng_v1
23	0	3199072	10	0.01038924621497915	ng_v1
23	0	130966	11	0.009206223088026374	ng_v1
23	0	2635122	12	0.00900464270478853	ng_v1
23	0	2994656	13	0.008157023223110987	ng_v1
23	0	1852545	14	0.008149854733056917	ng_v1
23	0	2496697	15	0.007213332545335891	ng_v1
23	0	2567289	16	0.007094272560698076	ng_v1
23	0	3537269	17	0.006549252400357347	ng_v1
23	0	2729419	18	0.006211749143242188	ng_v1
23	0	3368296	19	0.00610964371541945	ng_v1
23	0	3632172	20	0.005909774358832864	ng_v1
23	0	3461630	21	0.0055350025615740275	ng_v1
23	0	2627525	22	0.005209761224469511	ng_v1
23	0	2246105	23	0.005200447877748923	ng_v1
23	0	3782364	24	0.004873127369311221	ng_v1
23	0	1468413	25	0.004806443235050689	ng_v1
23	0	2244628	26	0.004539574868751718	ng_v1
23	0	1794449	27	0.004223283660651002	ng_v1
23	0	2267791	28	0.0035093230651115585	ng_v1
23	0	2232040	29	0.003404179931892556	ng_v1
23	0	2828440	30	0.0032883567287930937	ng_v1
23	0	1853078	31	0.003267900962384125	ng_v1
23	0	3337801	32	0.002722866654992022	ng_v1
23	0	2364167	33	0.0024444049083656456	ng_v1
23	0	3806164	34	0.0017755800922564368	ng_v1
23	0	1936313	35	0.0016811604553375785	ng_v1
23	0	2572586	36	0.001606178278371071	ng_v1
23	0	2443793	37	0.0015997076069472482	ng_v1
23	0	1994002	38	0.0014989362561475504	ng_v1
23	0	3150839	39	0.0012991176777057609	ng_v1
23	0	2609891	40	0.001115194857735442	ng_v1
23	0	3666422	41	0.0009420882707374701	ng_v1
23	0	2567096	42	0.0008958525919448578	ng_v1
23	0	1976608	43	0.0008731634624438648	ng_v1
23	0	2627179	44	0.0006025304072108996	ng_v1
23	0	1942180	45	0.0005083197672473488	ng_v1
23	0	3710774	46	0.00045495494370072724	ng_v1
23	0	2518380	47	0.00041532479949706773	ng_v1
23	0	1964547	48	0.0003680155542108622	ng_v1
23	0	3661963	49	0.00032273205623326945	ng_v1
23	0	3356124	50	0.00023613262015550863	ng_v1
23	0	3420498	51	0.00020782029469082496	ng_v1
23	0	3444845	52	0.00014418313271029266	ng_v1
23	0	1866702	53	8.853955635090931e-05	ng_v1
23	0	1858696	54	4.100742050043904e-05	ng_v1
24	0	2254639	1	0.08690748795893027	ng_v1
24	0	2572586	2	0.0557704752896067	ng_v1
24	0	3078282	3	0.04345624812528116	ng_v1
24	0	3150839	4	0.03970947196725934	ng_v1
24	0	3199072	5	0.033179040702318564	ng_v1
24	0	2627525	6	0.029869876960555698	ng_v1
24	0	2443793	7	0.028636074323581374	ng_v1
24	0	1858696	8	0.0276950793559364	ng_v1
24	0	3444845	9	0.01834173080323258	ng_v1
24	0	2994656	10	0.017156406856258976	ng_v1
24	0	2244628	11	0.014265237600749086	ng_v1
24	0	1468413	12	0.014073736359349385	ng_v1
24	0	3806164	13	0.013964784606842064	ng_v1
24	0	2635122	14	0.012766674068548192	ng_v1
24	0	2887806	15	0.011317922525046918	ng_v1
24	0	130966	16	0.009987579158711818	ng_v1
24	0	1794449	17	0.009624922165166711	ng_v1
24	0	3259311	18	0.008058142877761701	ng_v1
24	0	2567299	19	0.007914197999212901	ng_v1
24	0	2559826	20	0.007810659414219674	ng_v1
24	0	2609891	21	0.007006002776372373	ng_v1
24	0	3537269	22	0.006766960141836873	ng_v1
24	0	3632172	23	0.006678791844150361	ng_v1
24	0	3420498	24	0.006285161425554544	ng_v1
24	0	2232040	25	0.0056102073228170395	ng_v1
24	0	3710774	26	0.004530233350620564	ng_v1
24	0	3661963	27	0.0038376648198536426	ng_v1
24	0	2627179	28	0.0036503609558961687	ng_v1
24	0	1852545	29	0.0034623051665066684	ng_v1
24	0	2254469	30	0.0032509600024663004	ng_v1
24	0	2518380	31	0.0031913163986665018	ng_v1
24	0	2737775	32	0.0030506483563751017	ng_v1
24	0	3461630	33	0.003047192480757892	ng_v1
24	0	2567289	34	0.002947523255418717	ng_v1
24	0	3782364	35	0.0024839496489491514	ng_v1
24	0	2267791	36	0.0024472984748729683	ng_v1
24	0	2828440	37	0.002230597997473282	ng_v1
24	0	3368296	38	0.002191577432274183	ng_v1
24	0	3337801	39	0.0020685776935194574	ng_v1
24	0	2729419	40	0.0020653358135475086	ng_v1
24	0	1936313	41	0.0014066667855402854	ng_v1
24	0	2246105	42	0.001301043370339065	ng_v1
24	0	3666422	43	0.0010610866111218022	ng_v1
24	0	1994002	44	0.0009271627657652026	ng_v1
24	0	1853078	45	0.0008606792856635788	ng_v1
24	0	1976608	46	0.0008228944246841477	ng_v1
24	0	3356124	47	0.0007729353258340774	ng_v1
24	0	1964547	48	0.0007369373137645741	ng_v1
24	0	1891278	49	0.0003624519813270627	ng_v1
24	0	2567096	50	0.00019293820822908437	ng_v1
24	0	1866702	51	0.00013020747634950362	ng_v1
24	0	2496697	52	9.816450340978989e-05	ng_v1
24	0	1942180	53	3.976061731996921e-05	ng_v1
24	0	2364167	54	3.8974221590676895e-06	ng_v1
25	0	2994656	1	0.05921436351018581	ng_v1
25	0	3199072	2	0.025262566156480742	ng_v1
25	0	3150839	3	0.020572325896335415	ng_v1
25	0	2518380	4	0.02019319693956494	ng_v1
25	0	2246105	5	0.02016595670474094	ng_v1
25	0	3368296	6	0.01702421908588888	ng_v1
25	0	3078282	7	0.017012040798518577	ng_v1
25	0	2559826	8	0.01679796291252103	ng_v1
25	0	3632172	9	0.01449985125549196	ng_v1
25	0	3537269	10	0.014001194504292458	ng_v1
25	0	2737775	11	0.01117006961208522	ng_v1
25	0	1468413	12	0.011006982761375322	ng_v1
25	0	2567289	13	0.009365717635104171	ng_v1
25	0	2635122	14	0.008639803080779523	ng_v1
25	0	2232040	15	0.008021337272628572	ng_v1
25	0	2729419	16	0.006081453788774854	ng_v1
25	0	3420498	17	0.005837444663474223	ng_v1
25	0	1794449	18	0.005497604321875931	ng_v1
25	0	2267791	19	0.005085781732437228	ng_v1
25	0	1853078	20	0.004760518759121174	ng_v1
25	0	2887806	21	0.0038279201896906233	ng_v1
25	0	2254639	22	0.0037050503633164152	ng_v1
25	0	3782364	23	0.003461376337961017	ng_v1
25	0	2254469	24	0.0034461923699026565	ng_v1
25	0	3356124	25	0.003425341010509124	ng_v1
25	0	1852545	26	0.0033083952990393146	ng_v1
25	0	2572586	27	0.0032733432691640523	ng_v1
25	0	2609891	28	0.0028858771089041047	ng_v1
25	0	2627525	29	0.0028412010903285895	ng_v1
25	0	2627179	30	0.002797305755338682	ng_v1
25	0	1976608	31	0.0027109492269383507	ng_v1
25	0	1994002	32	0.00257480058956932	ng_v1
25	0	1936313	33	0.002552895057698835	ng_v1
25	0	3806164	34	0.002346444535897793	ng_v1
25	0	130966	35	0.002215892854435983	ng_v1
25	0	1858696	36	0.0015819675056696213	ng_v1
25	0	3461630	37	0.0014880028221395877	ng_v1
25	0	3444845	38	0.0013289368201909583	ng_v1
25	0	3337801	39	0.0013069850547211912	ng_v1
25	0	2443793	40	0.0011362626699671222	ng_v1
25	0	3666422	41	0.00099643883636627	ng_v1
25	0	1891278	42	0.0008388203574634318	ng_v1
25	0	3259311	43	0.0007957070486151098	ng_v1
25	0	2828440	44	0.0007357376911281935	ng_v1
25	0	1964547	45	0.0007199740905113367	ng_v1
25	0	2496697	46	0.0006748556490955295	ng_v1
25	0	2244628	47	0.0005758673626031108	ng_v1
25	0	2567096	48	0.0005450270937210687	ng_v1
25	0	3661963	49	0.000449989656006708	ng_v1
25	0	3710774	50	0.0003232580813581192	ng_v1
25	0	2567299	51	0.0002511177223249608	ng_v1
25	0	1942180	52	0.00021518789280769159	ng_v1
25	0	2364167	53	0.00010595803533004639	ng_v1
25	0	1866702	54	9.948079673330749e-05	ng_v1
26	0	3337801	1	0.03839801523096222	ng_v1
26	0	2232040	2	0.02903976351057915	ng_v1
26	0	3632172	3	0.02070737608226568	ng_v1
26	0	3537269	4	0.01949972877395678	ng_v1
26	0	2443793	5	0.01594949696959058	ng_v1
26	0	1891278	6	0.013204460613123642	ng_v1
26	0	3444845	7	0.01208640545427126	ng_v1
26	0	3782364	8	0.010822660465199313	ng_v1
26	0	1858696	9	0.01052535661985827	ng_v1
26	0	1852545	10	0.008871628344356218	ng_v1
26	0	1794449	11	0.006711322667865834	ng_v1
26	0	2627179	12	0.005882565738328599	ng_v1
26	0	2609891	13	0.0058731038290278014	ng_v1
26	0	3368296	14	0.0057299555597339616	ng_v1
26	0	1994002	15	0.0053491540908365024	ng_v1
26	0	3356124	16	0.0049448676458359936	ng_v1
26	0	1936313	17	0.004943850329142651	ng_v1
26	0	2246105	18	0.0043233096268805084	ng_v1
26	0	2254469	19	0.004069581354146633	ng_v1
26	0	2567096	20	0.0038542942357059095	ng_v1
26	0	1964547	21	0.0037172809236806193	ng_v1
26	0	2828440	22	0.0036696242293581334	ng_v1
26	0	130966	23	0.003576916890834129	ng_v1
26	0	2567289	24	0.0034306046905564587	ng_v1
26	0	2267791	25	0.003137924255307406	ng_v1
26	0	3661963	26	0.0029256908985125876	ng_v1
26	0	3199072	27	0.002899774156371032	ng_v1
26	0	1866702	28	0.002356341907713994	ng_v1
26	0	2518380	29	0.0019748812687175998	ng_v1
26	0	3806164	30	0.0018406534780432803	ng_v1
26	0	1853078	31	0.0017206317449822762	ng_v1
26	0	2572586	32	0.0017055597102326133	ng_v1
26	0	2364167	33	0.0016507378698073583	ng_v1
26	0	3420498	34	0.0015581242080532636	ng_v1
26	0	3150839	35	0.0014389563305827991	ng_v1
26	0	1468413	36	0.00102961735686948	ng_v1
26	0	2729419	37	0.000864849022700332	ng_v1
26	0	2627525	38	0.0007315602567370307	ng_v1
26	0	3259311	39	0.0007027759784323973	ng_v1
26	0	1976608	40	0.0006885633111900438	ng_v1
26	0	2254639	41	0.0006254252510141503	ng_v1
26	0	1942180	42	0.00042893477115319025	ng_v1
26	0	2994656	43	0.0004100291391855323	ng_v1
26	0	3666422	44	0.0003177704463227817	ng_v1
26	0	3461630	45	0.00019540947573881066	ng_v1
26	0	2559826	46	0.0001574316503429985	ng_v1
26	0	3078282	47	7.199389413367824e-05	ng_v1
26	0	2496697	48	6.663024733024616e-05	ng_v1
26	0	2244628	49	5.617956540764135e-05	ng_v1
26	0	2635122	50	4.746979761919756e-05	ng_v1
26	0	3710774	51	4.2134623078793936e-05	ng_v1
26	0	2737775	52	2.402091193763833e-05	ng_v1
26	0	2887806	53	2.0854095882367334e-05	ng_v1
26	0	2567299	54	5.203543740686835e-06	ng_v1
27	0	3661963	1	0.2545526781870338	ng_v1
27	0	3666422	2	0.12353966043269103	ng_v1
27	0	3710774	3	0.07548860815420831	ng_v1
27	0	1468413	4	0.06287635549313102	ng_v1
27	0	3356124	5	0.056353907557859205	ng_v1
27	0	1853078	6	0.05450607454866982	ng_v1
27	0	3368296	7	0.03417513000034476	ng_v1
27	0	1964547	8	0.027364254306354127	ng_v1
27	0	1942180	9	0.018834384868994115	ng_v1
27	0	1936313	10	0.018259753513758352	ng_v1
27	0	2994656	11	0.016763872726059045	ng_v1
27	0	3782364	12	0.01604129453906693	ng_v1
27	0	3420498	13	0.012811605375667471	ng_v1
27	0	3537269	14	0.010764075601121208	ng_v1
27	0	3632172	15	0.010587442530441317	ng_v1
27	0	2232040	16	0.009763171637939676	ng_v1
27	0	1866702	17	0.009664004533188653	ng_v1
27	0	2572586	18	0.009328249469795328	ng_v1
27	0	2364167	19	0.008916147412548899	ng_v1
27	0	130966	20	0.008565557285499821	ng_v1
27	0	3078282	21	0.006436009526855683	ng_v1
27	0	2443793	22	0.005994432906802807	ng_v1
27	0	3150839	23	0.0058131934321695965	ng_v1
27	0	2567299	24	0.00533164255397789	ng_v1
27	0	3199072	25	0.004804274831647246	ng_v1
27	0	2254469	26	0.004295888302115063	ng_v1
27	0	2559826	27	0.004236242542922779	ng_v1
27	0	1858696	28	0.003840080075004107	ng_v1
27	0	2244628	29	0.0038352751465362783	ng_v1
27	0	3461630	30	0.00374360734217549	ng_v1
27	0	2518380	31	0.003505358632951552	ng_v1
27	0	2635122	32	0.0034813048009164132	ng_v1
27	0	2267791	33	0.0034030856805877096	ng_v1
27	0	2254639	34	0.0032785450217571737	ng_v1
27	0	2627179	35	0.003088060892655134	ng_v1
27	0	2729419	36	0.002981907351038518	ng_v1
27	0	2627525	37	0.002893571277404874	ng_v1
27	0	1794449	38	0.00273180218185571	ng_v1
27	0	2737775	39	0.00271919926860701	ng_v1
27	0	2246105	40	0.0026490476309606304	ng_v1
27	0	2609891	41	0.002539202524972803	ng_v1
27	0	1852545	42	0.002436153190691746	ng_v1
27	0	3806164	43	0.0023012401640587084	ng_v1
27	0	1994002	44	0.0022194441299845232	ng_v1
27	0	3259311	45	0.0015888787646561999	ng_v1
27	0	3444845	46	0.0014451785915713551	ng_v1
27	0	2567289	47	0.0013039143894827425	ng_v1
27	0	2828440	48	0.0012396051878792004	ng_v1
27	0	1891278	49	0.0011030157988815873	ng_v1
27	0	1976608	50	0.0010599952583485244	ng_v1
27	0	2567096	51	0.0007973815279135775	ng_v1
27	0	2887806	52	0.0007908108120976531	ng_v1
27	0	3337801	53	0.0006862500610869237	ng_v1
27	0	2496697	54	2.865815756871795e-05	ng_v1
28	0	3356124	1	0.20504816373979853	ng_v1
28	0	3444845	2	0.18064992854323184	ng_v1
28	0	3337801	3	0.16511423609207007	ng_v1
28	0	3420498	4	0.1288765034937846	ng_v1
28	0	3461630	5	0.09982262061325624	ng_v1
28	0	3632172	6	0.03328786014167342	ng_v1
28	0	3537269	7	0.03323627739164514	ng_v1
28	0	1942180	8	0.016723194423560923	ng_v1
28	0	130966	9	0.016535082444692477	ng_v1
28	0	3199072	10	0.015386951795114826	ng_v1
28	0	3078282	11	0.009948580527764487	ng_v1
28	0	2254639	12	0.009589388021219294	ng_v1
28	0	2518380	13	0.00947262555636455	ng_v1
28	0	2572586	14	0.00939663330127241	ng_v1
28	0	3368296	15	0.008030745615967675	ng_v1
28	0	3782364	16	0.007645248336076219	ng_v1
28	0	2232040	17	0.007395778714493214	ng_v1
28	0	2559826	18	0.007000214704922545	ng_v1
28	0	1852545	19	0.006893550862529676	ng_v1
28	0	2609891	20	0.006175661782619469	ng_v1
28	0	2994656	21	0.0061005127444141	ng_v1
28	0	2244628	22	0.005836763682282155	ng_v1
28	0	2887806	23	0.0050947389136697515	ng_v1
28	0	1794449	24	0.004451448809109659	ng_v1
28	0	2567096	25	0.0036958615360140517	ng_v1
28	0	2635122	26	0.0029084745812300054	ng_v1
28	0	2627525	27	0.0028596222497390667	ng_v1
28	0	2828440	28	0.002613095126172081	ng_v1
28	0	3710774	29	0.0025445709064362866	ng_v1
28	0	2737775	30	0.002485049868303488	ng_v1
28	0	3150839	31	0.0024195422872652895	ng_v1
28	0	1468413	32	0.0023530332753955285	ng_v1
28	0	2729419	33	0.0023121721801418037	ng_v1
28	0	2567289	34	0.0022635538385190265	ng_v1
28	0	1891278	35	0.002066438907545247	ng_v1
28	0	3259311	36	0.0020314448475776	ng_v1
28	0	2267791	37	0.0018875534750837715	ng_v1
28	0	1858696	38	0.0017982688121831894	ng_v1
28	0	1853078	39	0.0017580342809734334	ng_v1
28	0	1936313	40	0.0017090343942505817	ng_v1
28	0	2246105	41	0.0014236212384476563	ng_v1
28	0	1964547	42	0.0012392170461323635	ng_v1
28	0	2443793	43	0.001213372289750612	ng_v1
28	0	2254469	44	0.0011542149018384867	ng_v1
28	0	3806164	45	0.0011122774622707166	ng_v1
28	0	1976608	46	0.001002457330432979	ng_v1
28	0	3661963	47	0.0009842590866807055	ng_v1
28	0	2364167	48	0.000786342040505263	ng_v1
28	0	2627179	49	0.0007694223400219988	ng_v1
28	0	1866702	50	0.00029992949448608353	ng_v1
28	0	1994002	51	0.00027792513945776033	ng_v1
28	0	2567299	52	8.046294276562501e-05	ng_v1
28	0	2496697	53	4.4568698894336526e-05	ng_v1
28	0	3666422	54	1.5579423039794253e-05	ng_v1
29	0	3632172	1	0.16984707005518546	ng_v1
29	0	3537269	2	0.16813510534716686	ng_v1
29	0	1942180	3	0.09169635416838567	ng_v1
29	0	1994002	4	0.047603603749677544	ng_v1
29	0	1852545	5	0.022949207154635984	ng_v1
29	0	2232040	6	0.021475272935983364	ng_v1
29	0	2737775	7	0.021179569485557215	ng_v1
29	0	3078282	8	0.016816412694918226	ng_v1
29	0	2609891	9	0.01635638638684538	ng_v1
29	0	2567289	10	0.015602880989622274	ng_v1
29	0	3368296	11	0.015038463542448414	ng_v1
29	0	2567299	12	0.014911361426448673	ng_v1
29	0	2267791	13	0.013265791463491274	ng_v1
29	0	2635122	14	0.012454481364814545	ng_v1
29	0	3806164	15	0.011860848808552009	ng_v1
29	0	2496697	16	0.010300989420251625	ng_v1
29	0	3356124	17	0.008858381918204927	ng_v1
29	0	2729419	18	0.008854654322489643	ng_v1
29	0	2559826	19	0.008032760738689472	ng_v1
29	0	2254639	20	0.006620446552497594	ng_v1
29	0	3199072	21	0.0045700013738910845	ng_v1
29	0	2887806	22	0.004084562451797243	ng_v1
29	0	2364167	23	0.003946558744211899	ng_v1
29	0	1794449	24	0.003854406396515824	ng_v1
29	0	2518380	25	0.0034753519020169488	ng_v1
29	0	2567096	26	0.0033558065448541625	ng_v1
29	0	130966	27	0.003183329675213608	ng_v1
29	0	1936313	28	0.0028458424875347746	ng_v1
29	0	2254469	29	0.0028302180585589834	ng_v1
29	0	2246105	30	0.0025012357721152056	ng_v1
29	0	1891278	31	0.0023053097969556254	ng_v1
29	0	2244628	32	0.0022059756834190685	ng_v1
29	0	3259311	33	0.0020442637134265034	ng_v1
29	0	3666422	34	0.0020019951235001076	ng_v1
29	0	1468413	35	0.0019336928091063484	ng_v1
29	0	3150839	36	0.0017937240806278672	ng_v1
29	0	1964547	37	0.0017675434867273113	ng_v1
29	0	2627179	38	0.0014054764333465896	ng_v1
29	0	1976608	39	0.0012372624544592908	ng_v1
29	0	3782364	40	0.0011641458225479055	ng_v1
29	0	3420498	41	0.0010493324781728885	ng_v1
29	0	3337801	42	0.0010151242659351268	ng_v1
29	0	2572586	43	0.0009968261901544622	ng_v1
29	0	3710774	44	0.0008622155117061804	ng_v1
29	0	2828440	45	0.0006850034770861229	ng_v1
29	0	1853078	46	0.0005064044163421656	ng_v1
29	0	3661963	47	0.000486088688422471	ng_v1
29	0	3444845	48	6.112742419014552e-05	ng_v1
29	0	3461630	49	5.236407248656456e-05	ng_v1
29	0	2443793	50	4.0658575078005794e-05	ng_v1
29	0	2994656	51	3.475973486738121e-05	ng_v1
29	0	2627525	52	3.4589400023894736e-05	ng_v1
29	0	1858696	53	8.614772179249406e-06	ng_v1
30	0	2244628	1	0.08217158194266984	ng_v1
30	0	3150839	2	0.05421396479501984	ng_v1
30	0	2627179	3	0.037727312375446215	ng_v1
30	0	1994002	4	0.026823237571058187	ng_v1
30	0	3078282	5	0.024489696350969797	ng_v1
30	0	1794449	6	0.021312373906007733	ng_v1
30	0	2887806	7	0.01995108317562793	ng_v1
30	0	2567299	8	0.019635004764222058	ng_v1
30	0	2635122	9	0.018726179651945292	ng_v1
30	0	3632172	10	0.018711597303330503	ng_v1
30	0	2737775	11	0.017710261842471244	ng_v1
30	0	3537269	12	0.017540154400320057	ng_v1
30	0	130966	13	0.017274489880182646	ng_v1
30	0	2254639	14	0.016313796403209187	ng_v1
30	0	2559826	15	0.013620494577401379	ng_v1
30	0	3199072	16	0.012500454859205812	ng_v1
30	0	2443793	17	0.01097433739475075	ng_v1
30	0	3356124	18	0.010387369528110807	ng_v1
30	0	2267791	19	0.009801113595464974	ng_v1
30	0	2567289	20	0.009778543029309564	ng_v1
30	0	3420498	21	0.00917431461699357	ng_v1
30	0	2627525	22	0.0077649207041048775	ng_v1
30	0	2232040	23	0.007068942011102462	ng_v1
30	0	3461630	24	0.005819558046797456	ng_v1
30	0	3444845	25	0.005197457917731128	ng_v1
30	0	2729419	26	0.004972237734198683	ng_v1
30	0	2994656	27	0.004899188553812795	ng_v1
30	0	2609891	28	0.0048790624352475255	ng_v1
30	0	2572586	29	0.0047466098094684555	ng_v1
30	0	1852545	30	0.0041809696531428684	ng_v1
30	0	1936313	31	0.0032335432107928053	ng_v1
30	0	3259311	32	0.003203616933991859	ng_v1
30	0	1858696	33	0.0031629921030506616	ng_v1
30	0	3368296	34	0.0031407213475377785	ng_v1
30	0	2518380	35	0.003065132677011071	ng_v1
30	0	2828440	36	0.00276633215756593	ng_v1
30	0	2496697	37	0.0025724717768007763	ng_v1
30	0	3782364	38	0.002237116522317105	ng_v1
30	0	3806164	39	0.002092019864378167	ng_v1
30	0	2246105	40	0.001512044468018781	ng_v1
30	0	2254469	41	0.001437535745236879	ng_v1
30	0	3710774	42	0.0010854306301007382	ng_v1
30	0	1976608	43	0.0010629067424316552	ng_v1
30	0	1964547	44	0.0010217499250531345	ng_v1
30	0	1853078	45	0.0008279475858056524	ng_v1
30	0	2364167	46	0.0007948105632126244	ng_v1
30	0	1942180	47	0.0007588130529580127	ng_v1
30	0	1468413	48	0.0007301434053682507	ng_v1
30	0	3661963	49	0.000689516551243532	ng_v1
30	0	3337801	50	0.0005574487541098857	ng_v1
30	0	3666422	51	0.0003046234776270515	ng_v1
30	0	1891278	52	0.00024226847154085155	ng_v1
30	0	2567096	53	0.0001523000075379257	ng_v1
